-0.97855115
-0.38503641
-0.30378109
0.44509032
0.64002830
1.01352525
-0.95777261
-0.53596109
-1.51018965
1.89531934
-0.92531067
-0.14074986
-0.98383480
-1.14658773
1.77932751
1.13247359
1.83085024
0.15205818
1.24183285
-1.12951243
-0.60398334
-0.78478611
1.07654536
1.49595714
-0.37395430
-0.04047551
0.53714180
0.29357299
0.28543010
-0.25916001
0.32888550
0.15230374
1.28049922
1.14780891
2.42090201
-1.03175783
0.09956755
0.28490731
0.19283450
-0.03771053
-0.72742677
0.20487742
0.97644460
0.35470897
0.14538355
-2.18839025
0.12557463
1.26903129
0.20532121
1.30173028
0.69887567
-0.00553017
0.66150969
1.92333913
0.28767347
1.49919319
-0.74577498
-2.01907182
-1.63764405
0.67729682
0.27025843
-1.54247844
1.04629505
0.49996528
-1.34529591
-0.05884631
-0.33088440
1.05087769
0.36524552
0.84635401
-0.07682466
-1.29925156
0.84148973
0.90342230
1.45863819
-0.17109829
0.69334483
-0.45708328
-0.61068970
-0.57969755
-0.48757404
0.78218281
-1.67197263
1.27947962
1.02438629
-0.14622754
2.29235840
-2.23435187
-0.37389466
0.70885652
-2.79370141
0.76168913
0.42112693
0.15135780
0.79743999
-0.68834388
-1.26197398
0.09385803
-2.21952629
0.31218526
-0.00505593
-0.05420804
-0.89436519
1.13948989
1.68459928
-1.30002606
-2.47745013
-1.18119550
-0.66537315
-0.80221170
-0.14471456
0.71514863
-0.67682004
0.95734155
-2.04808235
-1.17090499
-0.94406104
-1.03682363
-0.82090980
0.25692037
0.13223781
-2.71757627
0.67718238
1.41236258
0.00400027
1.34304583
1.54106569
1.71372736
