-1.76988614
-0.78508627
-1.48580301
0.55822939
0.57059801
1.40690863
-0.19855881
-0.33604315
-0.69622457
1.62448275
-1.53376949
-0.09015301
-0.61103690
-2.04149103
0.84879231
1.62144101
2.98242855
0.30891681
0.98413914
-1.37200880
0.98715937
-0.78717345
0.15042084
0.37683824
-0.32254800
-0.48841572
0.04859935
1.56739235
-0.09404209
-0.13236013
0.57126522
0.03037640
1.78853512
-0.40904158
1.85237586
-1.06690311
-0.46659133
-0.39744267
0.16941781
-2.21606302
-1.14796972
0.07385901
-1.21893454
-0.25991398
1.22743058
-0.81106043
0.00438707
1.27918315
-0.18416423
0.82770038
0.07393835
0.62568450
-0.72008860
1.18368590
1.86224985
2.08865380
-1.51345146
-1.64488900
0.86920393
-0.40541375
-0.38363466
-0.44411999
1.97683120
1.15206933
0.48778477
0.60174561
-0.37845609
1.88060904
0.32000291
0.22584212
-0.69237608
-0.34503925
-0.26716042
-0.31585693
0.13725825
0.35530880
-0.83455491
-0.75449330
0.14091256
-0.21815658
-1.31238961
0.86960793
-1.64969122
0.57164603
0.95509315
-0.87060398
0.73557055
-1.74593806
-1.97552574
0.05325868
-0.11328582
0.78322178
-0.29192844
0.73767340
-0.30483446
-1.40828824
0.15604720
0.10319660
-1.35487103
1.70926833
-0.38047498
1.35384047
-0.54581279
1.18232000
-0.77891338
-0.18574134
-2.35259414
-1.13987708
-0.60307604
0.32567561
-1.88321650
0.63395441
0.00157515
0.51066726
-1.52318227
-0.36260736
0.31530860
-0.40018648
-1.34045374
0.05490642
1.20827138
0.64346313
2.23358512
0.43678162
0.10659966
-0.02187621
2.09654999
-0.14563689
