-0.78692901
0.23213252
-2.51363254
0.88696700
1.53506637
0.64318985
-0.29739919
-1.16248357
-0.78565127
2.01561546
-0.31876919
-0.76163065
-0.54344130
-1.57963550
1.54056644
0.22748591
3.47512245
0.00200596
-0.76199001
-2.29989362
0.18755350
-1.07606792
1.22904456
1.16635060
-0.90435028
-0.32579878
0.12681086
0.84078288
-0.42682517
0.78018445
1.27016878
0.20061822
0.59268093
0.47344345
2.79724932
-0.50122231
-0.18743718
-0.28290460
0.56858540
-1.29431319
-0.87182367
-0.03588751
0.63801992
-0.10787348
1.67602384
-0.73913288
1.13736761
-0.40832484
0.11777835
0.37481561
0.41114843
-0.68484151
-0.41940883
-0.02297366
0.65072519
2.23807764
-0.84689307
-2.32058525
0.62268680
-1.70007479
-0.76459402
-0.18306059
1.81650090
0.05375027
-0.55079502
-0.19785766
-1.15474880
1.66477334
0.36699688
-0.39733893
0.11824969
0.55159259
-0.32385212
-0.92303693
0.39067048
0.74959409
0.13841902
-1.34352052
-0.80036938
-1.92713308
-0.47715291
1.73803329
-2.15566683
0.74386406
0.65454882
-0.41897795
0.50025117
-1.39466941
-1.22174299
-0.06294858
-1.03183651
1.01537335
-0.04021955
1.83461261
0.49170524
-0.96833926
0.47469369
0.50894344
-1.42929220
1.37408090
0.07320744
0.47778636
-0.49788898
-0.45817012
-0.18754263
-0.03040783
-1.99733496
-0.70969641
-0.77201217
-0.02539488
-1.18901730
1.90524662
-0.50426078
0.57602149
-1.31284308
0.19998640
-0.31770036
-1.36762857
-1.63025892
1.16728401
0.23311573
-0.04409584
2.89917779
-0.29931563
-0.60055846
-0.05190991
1.81577182
-1.17398107
