-1.12334251
-0.11458844
-0.58286846
1.16258085
1.27270722
-1.53833640
0.72245663
-0.56547701
-0.29506502
1.81219268
-0.52616394
-0.30523393
0.21219327
-2.09604788
2.12886095
0.64950591
1.87897933
1.25697780
0.31237686
-1.00252306
0.11214295
-0.60091209
0.44148353
0.62922925
-0.19734098
0.27633527
1.07195556
0.75698757
0.44007796
-0.16032167
-0.86888194
1.26170862
1.42303896
-0.64589512
1.79035425
-0.47604206
-1.45433807
0.38946939
-2.81407857
0.20617354
-0.34030870
0.52335268
0.89467537
1.33196688
1.48008645
-1.56563151
0.02517085
0.59637904
1.05146289
1.48323286
-0.52762067
-0.21334098
-1.14056945
1.19677329
0.00027869
0.85383326
-1.24336183
-0.79812139
-1.09470224
-0.18214418
-1.18742955
-0.80133283
0.10770333
-0.42946392
-0.98376960
-0.09300198
-0.89212298
1.93429601
1.73038328
-0.42743549
-1.39331651
-1.33298302
0.68325853
-0.38448745
0.15907513
-1.51057994
0.11497611
-2.39708114
-1.88783991
-1.14925408
0.49049500
0.44287437
-2.11794877
-0.40402827
0.76676106
-0.02157240
0.97955775
-1.22980797
-0.21213409
1.32151103
-1.87174904
1.73618627
1.88860023
-0.01885639
-0.95465314
-1.03733885
-1.09509552
0.49928272
-1.79922318
1.05198741
0.07693437
0.63252437
0.47540355
-1.18809319
1.20433652
-1.25594294
-1.08613479
-0.73481441
-0.37628901
0.31899831
-0.63990688
1.22710705
-1.27267373
1.77916372
-1.21562886
-0.67548621
-0.34364793
-1.82186007
0.58146787
1.42997050
0.51209724
-0.62463236
-0.28530520
0.74230516
0.29757065
1.20708191
1.26444447
2.69137216
