-0.82421136
-0.40437251
-0.32496926
0.37105328
0.57455724
1.17356682
-0.82044220
-0.39683273
-1.23208773
2.00405049
-1.11339629
0.05740709
-0.99146020
-1.31524825
1.64686763
0.87226760
1.79883122
0.38517255
1.49510479
-1.31826699
-0.36838263
-1.12054956
1.16242623
1.13665259
-0.32090205
0.14884588
0.82250464
0.27602905
0.08650015
-0.19868605
-0.08276142
0.44074175
1.30660379
0.66878134
2.60506463
-1.33322430
-0.09005823
0.31893724
0.23107493
-0.19062494
-0.95912957
0.09303211
0.58440399
0.01948955
0.36049595
-1.91997087
-0.26580989
1.23895490
0.41086012
0.97950006
0.76761687
-0.00501337
0.72046715
1.76202571
0.67651713
1.48509812
-0.60159063
-2.12122703
-1.44620895
0.56166995
0.36463577
-1.26204753
1.33436501
0.45457882
-1.18671727
0.01260310
-0.22886533
0.87458605
0.54846764
0.95880187
0.00999931
-1.23975778
0.72398305
1.02111697
1.67740667
-0.48061284
0.44026414
-0.31455892
-0.43246001
-0.66339529
-0.24827203
0.75884449
-1.83222771
0.83649409
0.86516708
-0.08398324
1.99535501
-2.48145390
-0.58845782
0.75077051
-2.73025298
0.93640143
0.23060954
0.17463952
0.60082811
-0.41971931
-0.98594272
0.24012037
-2.19475317
0.39610198
-0.29562211
-0.20641291
-0.58137035
1.13791275
1.69225502
-1.17571056
-2.56751370
-1.10308957
-0.60800844
-0.58522385
-0.26166910
0.55939656
-1.08946157
0.89436007
-2.03175235
-0.82546926
-1.14638996
-0.81607074
-0.66247952
0.20380357
0.09094135
-2.63977718
0.57549763
1.44027734
-0.09673879
1.59120715
1.38069332
1.34578991
