-1.29138446
-0.07686521
-0.88499820
-0.01671541
-0.12372562
1.62611926
0.33029094
-1.38744915
-0.28638616
1.99254751
-0.80312318
-0.67128104
-0.80323768
-1.61196041
-0.03078251
0.98503739
1.05182576
0.10966706
0.84716314
-2.10998154
0.57961619
-1.22129858
0.59824181
-0.54899687
-0.41100296
-0.41154733
0.79607749
0.39553910
-2.11005712
0.22235706
0.13378215
-0.46567225
1.31700802
-0.12978365
1.71694326
-0.62166119
0.93574625
-1.26897788
1.13010764
-1.45512271
0.47850209
-0.80713350
-0.08795586
0.33893156
1.77159142
-1.49764812
0.49397007
0.68734097
0.36032116
0.16538909
-0.24844085
-0.79756576
-1.18681037
0.34757888
0.19164503
1.25754809
-0.23077820
-0.18196364
0.64808351
-1.56874371
-0.06722249
-1.30606246
1.44254088
0.29377985
-0.05263557
-0.18239217
-1.24117076
0.75720769
-0.16265148
-0.73447573
-0.45267820
-0.74805677
-0.02182115
-0.62581235
0.65838009
-0.21771476
0.24919847
0.68527287
0.68804651
-0.41829687
-0.99819702
0.44926849
-0.19331937
0.12873030
0.03862044
-0.16969389
0.80466068
-0.22312275
-1.44243145
0.75613892
-1.08758390
-0.23892017
0.54676259
0.95285630
-0.03373986
-0.94539678
-0.96508813
-0.50435859
-1.37745094
1.97695732
-0.57848060
1.37309515
0.26712823
-0.01912265
-1.22622526
-0.60704905
-1.87626600
0.35188761
-1.34729123
0.04715063
-0.78474444
0.49984324
0.09020288
1.00391996
-1.40857029
0.57474005
1.33636332
-0.36439070
-1.40955496
0.74144655
-0.03049126
-0.40497193
2.27768350
1.20588088
-0.51627612
-0.26053622
1.77592635
0.36103770
