-0.60225606
-0.38200378
-1.06807697
0.07731806
0.10385622
0.31139785
-0.57112765
-0.64751935
-0.76813257
0.76100945
-0.96173090
-0.72451133
-0.20102122
-0.30134764
-0.12898347
-0.03284044
1.26921952
-0.00321643
0.12082343
-1.70226693
0.33909526
-0.78718454
0.89996368
-0.40155032
0.13247341
-0.10844585
0.88384688
1.06990814
-1.06049693
0.37162501
0.05695862
1.37329638
1.49759376
0.45716387
1.09074521
-0.56105345
1.68760860
-1.12391520
1.19285703
-1.38460410
0.13088591
0.29602799
0.11382251
-0.33568025
1.60303152
0.06678533
0.61286366
-0.57983530
0.15808737
-0.14777032
0.24891813
-0.89773375
-0.21261385
-0.94208997
0.33686906
1.43204761
0.04377891
-0.09963934
1.82894719
-1.92806184
-0.00202860
0.05663548
0.01443056
0.68470860
-0.49705103
0.06580830
-0.08017153
0.42844495
0.47002292
-0.93814921
0.03334735
-0.23965248
-0.76885056
-0.32557708
0.05411162
0.50295335
0.47137919
-0.05897471
0.51563632
-1.48992598
-0.29417261
1.02645218
-0.33861583
0.83076829
0.54123986
-0.34803382
1.07540751
-0.34228975
-1.90644336
0.35830063
-1.20234156
0.53942519
-1.10746145
0.69222742
0.05012022
-0.60861504
0.13060257
-1.22533119
-1.14037418
1.33216822
-1.28403163
0.57256180
-0.37440693
-1.51719034
-1.75659764
0.44538760
-1.30220306
-0.17081344
-0.82832557
0.61552024
-1.05268562
0.50052071
-0.51286662
0.47928870
-0.22968563
1.67235339
0.58845532
-0.98555255
-1.61066937
0.46336350
0.31800771
-0.06741119
2.06542230
0.63524967
0.44745475
-1.03205788
1.96929443
-0.70076585
