-0.94108307
0.07710005
-1.33218932
-0.33327368
-0.03417705
1.02998292
-0.10419092
-1.37152314
-0.62143761
2.04451513
-0.94484049
-0.60553604
-0.87286532
-1.16584611
0.25836349
0.56733716
1.30017459
-0.05504523
0.20978087
-2.36760545
0.74936259
-1.21193099
0.90586132
-0.14451560
0.23082247
0.05729777
0.80920959
0.61499876
-1.59154630
0.73371601
0.34240967
0.36267540
1.30492198
0.32553136
1.48977864
-0.87967604
1.54746044
-1.34609187
1.17562795
-1.36764300
-0.11095536
-0.57415587
0.51123440
0.40712103
1.94981265
-0.67357832
0.40265727
-0.25815675
0.35916561
-0.49206075
0.20154573
-1.17118692
-1.04668844
-0.71906275
-0.05138272
1.29524970
0.04474339
-0.08903979
1.26417732
-1.99538970
-0.26001590
-0.66462445
0.71068335
0.18137281
-0.45088127
-0.46609813
-1.11564636
0.53155524
0.08496444
-1.26963234
0.29441991
-0.46775755
-0.25815934
-0.76418889
0.81265485
-0.02582775
0.87185490
0.34537160
0.43774021
-0.99051028
-0.70920116
1.07738876
-0.82323140
0.34058616
-0.41237602
-0.04386554
0.37545088
-0.43702149
-1.70394647
0.48433855
-1.12830484
-0.34108326
-0.07081702
0.94739586
0.27949685
-0.84743577
-0.41829205
-0.56432068
-1.51986265
1.61744249
-0.55965519
0.50370049
0.11696295
-0.94838393
-2.08310699
-0.52911347
-1.83243394
-0.50827324
-1.10573924
0.73508942
-1.23071420
0.65980941
0.10796663
0.60661906
-0.31557029
0.90501785
1.02535081
-0.77787918
-1.60450935
1.28012288
0.28273955
-0.49155077
2.55394244
1.07347500
-0.51506138
-0.52480358
2.37267613
-0.00814759
