-0.80075705
1.21579289
-1.87429643
1.04930532
1.98102856
0.68810141
1.59919608
-1.15309918
-0.82504416
2.43781257
-1.25728953
0.30586737
-0.29517674
-0.65614557
1.80904841
1.63032997
2.02667475
-0.44966954
0.54602659
-1.72038412
-0.08987321
-0.44041502
0.07830743
0.34878501
-1.40494347
0.11213608
0.88366902
0.61118525
-1.17902064
0.79360664
1.41261089
0.67455029
1.60965264
0.06584650
2.27013350
-1.66509831
-0.45158413
-0.94028491
-0.59848088
-0.07416174
-0.99842340
0.04072164
0.69416225
0.02015026
1.66705775
-1.24077344
-0.27881241
0.88113379
0.67239779
1.48383939
-0.46536666
-0.64488214
-1.25225198
1.63248479
0.18738538
0.83752394
-1.10514796
-1.19115508
-0.87465739
-1.40985167
-1.57175851
0.32834500
1.53716004
0.28029010
-1.32769656
-1.00615561
-1.29826844
1.69656014
1.24569154
0.32730681
0.50427753
-0.60097277
1.31741154
0.61753941
-0.19829759
-0.64949030
1.27457535
-1.36164010
-0.09350622
-1.00084746
-0.22626063
0.89855659
-1.77798867
-0.80094397
0.25516635
-0.20243612
1.36992991
-1.33248806
-0.16022135
0.78393006
-2.12340307
1.07376707
1.38038027
0.55389750
0.49570036
-0.89038438
-0.40331325
1.53279507
-2.05918908
1.66386807
-0.41099215
1.05495858
-0.62486851
-0.36355817
0.90354556
-1.62146020
-1.25141609
-0.51040459
-1.05693603
0.14326122
-1.33553445
1.52249897
-0.83093500
1.29238510
-2.03020120
0.09940788
0.29615381
-0.82973158
-0.61959237
0.42593163
-0.13575497
0.03824339
2.12438059
0.81356531
0.39398003
0.65521830
1.28291500
1.37882960
