-0.97855103
-0.38503620
-0.30378106
0.44509056
0.64002812
1.01352572
-0.95777196
-0.53596103
-1.51019001
1.89531898
-0.92531079
-0.14075014
-0.98383409
-1.14658809
1.77932763
1.13247359
1.83085012
0.15205811
1.24183285
-1.12951255
-0.60398352
-0.78478611
1.07654536
1.49595714
-0.37395397
-0.04047610
0.53714228
0.29357374
0.28542972
-0.25915977
0.32888541
0.15230387
1.28049994
1.14780879
2.42090178
-1.03175843
0.09956811
0.28490707
0.19283453
-0.03771099
-0.72742718
0.20487748
0.97644460
0.35470849
0.14538325
-2.18839025
0.12557451
1.26903129
0.20532118
1.30173087
0.69887537
-0.00553050
0.66150981
1.92333996
0.28767335
1.49919271
-0.74577570
-2.01907206
-1.63764441
0.67729676
0.27025822
-1.54247785
1.04629493
0.49996513
-1.34529591
-0.05884659
-0.33088490
1.05087769
0.36524510
0.84635413
-0.07682467
-1.29925156
0.84148973
0.90342194
1.45863736
-0.17109789
0.69334531
-0.45708287
-0.61068898
-0.57969666
-0.48757392
0.78218305
-1.67197227
1.27947938
1.02438617
-0.14622802
2.29235911
-2.23435235
-0.37389457
0.70885664
-2.79370260
0.76168966
0.42112684
0.15135792
0.79743981
-0.68834370
-1.26197362
0.09385813
-2.21952653
0.31218550
-0.00505574
-0.05420784
-0.89436543
1.13948941
1.68459916
-1.30002451
-2.47745037
-1.18119633
-0.66537350
-0.80221200
-0.14471443
0.71514833
-0.67682052
0.95734107
-2.04808235
-1.17090428
-0.94406152
-1.03682387
-0.82091039
0.25692061
0.13223767
-2.71757603
0.67718267
1.41236222
0.00400047
1.34304678
1.54106534
1.71372831
