-1.54848313
0.42297998
-1.94132602
1.76200783
2.00652122
0.73316044
0.44592148
-1.14352715
-0.79604101
1.47695494
0.29646462
-0.39246562
0.74581265
-1.63788831
1.26828694
1.18741345
2.73092675
-0.27569461
-0.03200614
0.23325031
0.13979840
-0.67917097
0.18428630
0.72808450
-1.67955947
-0.32495162
0.50686049
1.04593372
-0.88298213
0.63673115
2.02679539
-0.28074661
1.45050085
-0.12288201
1.41940820
-1.11430311
0.36239517
-1.28108907
0.03367234
-0.78116143
-0.77198231
0.49691147
0.69068801
-0.16062857
0.64761072
-1.37879562
0.36973393
1.07754076
0.59527379
0.62829363
0.52238262
0.64623511
-0.89586341
1.70558429
0.57376289
1.30699039
-0.66765511
-1.26148355
-0.56936419
-0.40566164
-0.27055305
0.76129836
2.17973018
1.85645521
-0.06182502
-0.00621609
-0.28512928
1.80763090
0.44644478
0.75275457
0.12360824
-0.39360714
0.79009616
0.45177931
-0.26431948
0.87690532
0.45809171
-0.88047409
-0.24557647
-1.12733924
-0.85778123
1.52038777
-1.25383353
0.62078863
0.33062196
-0.39050838
0.63420588
-1.39752924
-1.67252862
-0.63424337
-0.86859131
1.27117205
0.69731373
1.24156833
0.31766140
-0.88448334
-0.06140019
0.67318910
-2.40038490
0.72391331
-0.02855604
0.89705849
-0.86171401
0.48413500
0.53538877
-0.56061608
-1.53182435
-1.36082911
-0.78403205
-0.52198488
-1.99861932
1.59714425
0.41834089
0.63670689
-1.89728403
0.04590704
-0.86663663
-0.91988170
-0.72499937
1.13814187
-0.21890058
-0.37134916
2.80478573
-0.15354113
0.88827467
-0.45885950
2.31981230
0.57700318
