-0.81110883
-0.46351925
-1.19653559
0.08594216
-0.16338968
0.40562025
-0.37483251
-0.61857891
-0.99635285
0.81582218
-1.02132690
-0.58809525
-0.55944204
-0.36594379
-0.01211223
-0.11170261
1.61042368
0.14905392
0.10151051
-2.13686156
0.35841563
-1.21283793
0.84401518
-0.85084695
0.15486084
-0.31271300
0.79379892
1.47677207
-1.33685613
0.36715263
0.03534294
1.21367514
1.23307335
0.58047134
1.15141129
-0.63450944
1.33762419
-1.03826344
1.07461357
-1.19565856
-0.25566745
0.03527512
-0.02622862
-0.38753578
1.97011375
0.00881914
0.72970527
-0.21280999
0.19147260
-0.39846510
-0.00985062
-0.74952883
-0.32073331
-0.69782335
0.51558471
1.57502997
-0.10815369
0.29036552
1.61920500
-2.15891027
-0.30024400
0.00743701
0.11602129
0.62084520
-0.23536623
0.12419127
-0.32641336
0.67859638
0.20635694
-1.12082326
0.19941647
-0.06919065
-0.57109058
-0.36732996
-0.01793105
0.68218237
0.56216431
-0.02522269
0.48269200
-1.10695922
-0.57961786
1.09808099
-0.50305223
0.40922239
0.43751359
-0.26839951
0.77434719
-0.41868645
-1.74006903
0.57767731
-1.02853763
0.33337271
-0.94255072
0.87792683
0.05141524
-0.64119464
0.03505853
-0.81697172
-0.85519147
1.73008060
-0.90220022
0.73990756
-0.08506615
-1.29251695
-1.87299693
0.53925472
-1.40828812
-0.16996214
-0.74396503
0.47010210
-1.26770723
0.72664672
-0.67791104
0.32041097
-0.15943362
1.67059302
0.72432697
-0.68760419
-1.57694495
0.41995066
0.26274419
0.45664734
2.06914997
0.55608439
0.14016056
-0.60148323
1.93359053
-0.78884602
